RTPLAN:  pb field pb_type      E pb_nprim  FWHM  x0 y0 z0 f_x f_y f_z u_x u_y u_z l_x l_y l_z
#     pb    field    pb_type      E         pb_nprim     FWHM  x0      y0    z0   f_x  f_y  f_z  u_x  u_y  u_z  l_x  l_y l_z
pb: 1 4 electron 100 100000 1.2 78.0843 -25.5577 -136.014 -0.943496 0.331177 0.0117061 0.0110454 -0.00387705 0.999931 -0.3312 -0.943561 4.33681e-19
pb: 2 4 electron 100 100000 1.2 78.0843 -25.5577 -136.014 -0.943302 0.331109 0.0234073 0.0220862 -0.00775251 0.999726 -0.3312 -0.943561 8.67362e-19
pb: 3 4 electron 100 100000 1.2 78.0843 -25.5577 -136.014 -0.947308 0.320111 -0.0117085 -0.0110923 0.00374827 0.999931 -0.320133 -0.947373 0
pb: 4 4 electron 100 100000 1.2 78.0843 -25.5577 -136.014 -0.947373 0.320133 0 0 0 1 -0.320133 -0.947373 0
pb: 5 4 electron 100 100000 1.2 78.0843 -25.5577 -136.014 -0.947308 0.320111 0.0117085 0.0110923 -0.00374827 0.999931 -0.320133 -0.947373 0
pb: 6 4 electron 100 100000 1.2 78.0843 -25.5577 -136.014 -0.947113 0.320045 0.0234121 0.02218 -0.00749499 0.999726 -0.320133 -0.947373 -8.67362e-19
pb: 7 4 electron 100 100000 1.2 78.0843 -25.5577 -136.014 -0.950795 0.308934 -0.0234138 -0.0222678 0.00723528 0.999726 -0.309018 -0.951056 0
pb: 8 4 electron 100 100000 1.2 78.0843 -25.5577 -136.014 -0.950991 0.308997 -0.0117093 -0.0111362 0.00361838 0.999931 -0.309018 -0.951056 0
pb: 9 4 electron 100 100000 1.2 78.0843 -25.5577 -136.014 -0.951056 0.309018 0 0 0 1 -0.309018 -0.951056 0
pb: 10 4 electron 100 100000 1.2 78.0843 -25.5577 -136.014 -0.950991 0.308997 0.0117093 0.0111362 -0.00361838 0.999931 -0.309018 -0.951056 0
pb: 11 4 electron 100 100000 1.2 78.0843 -25.5577 -136.014 -0.950795 0.308934 0.0234138 0.0222678 -0.00723528 0.999726 -0.309018 -0.951056 0
pb: 12 4 electron 100 100000 1.2 78.0843 -25.5577 -136.014 -0.954347 0.29778 -0.0234121 -0.0223495 0.00697358 0.999726 -0.297862 -0.954609 8.67362e-19
pb: 13 4 electron 100 100000 1.2 78.0843 -25.5577 -136.014 -0.954544 0.297841 -0.0117085 -0.011177 0.00348751 0.999931 -0.297862 -0.954609 4.33681e-19
pb: 14 4 electron 100 100000 1.2 78.0843 -25.5577 -136.014 -0.954609 0.297862 0 0 0 1 -0.297862 -0.954609 0
pb: 15 4 electron 100 100000 1.2 78.0843 -25.5577 -136.014 -0.954544 0.297841 0.0117085 0.011177 -0.00348751 0.999931 -0.297862 -0.954609 -4.33681e-19
pb: 16 4 electron 100 100000 1.2 78.0843 -25.5577 -136.014 -0.954347 0.29778 0.0234121 0.0223495 -0.00697358 0.999726 -0.297862 -0.954609 -8.67362e-19
pb: 17 4 electron 100 100000 1.2 78.0843 -25.5577 -136.014 -0.957768 0.286589 -0.0234073 -0.0224249 0.00671011 0.999726 -0.286667 -0.95803 0
pb: 18 4 electron 100 100000 1.2 78.0843 -25.5577 -136.014 -0.957965 0.286647 -0.0117061 -0.0112148 0.00335575 0.999931 -0.286667 -0.95803 0
pb: 19 4 electron 100 100000 1.2 78.0843 -25.5577 -136.014 -0.95803 0.286667 0 0 0 1 -0.286667 -0.95803 0
pb: 20 4 electron 100 100000 0.7 78.0843 -25.5577 -136.014 -0.937573 0.347692 0.00818991 0.0076789 -0.00284766 0.999966 -0.347703 -0.937605 0
pb: 21 4 electron 100 100000 0.7 78.0843 -25.5577 -136.014 -0.937322 0.347598 0.0245631 0.0230305 -0.00854069 0.999698 -0.347703 -0.937605 1.73472e-18
pb: 22 4 electron 100 100000 0.7 78.0843 -25.5577 -136.014 -0.940419 0.340017 0 0 0 1 -0.340017 -0.940419 0
pb: 23 4 electron 100 100000 0.7 78.0843 -25.5577 -136.014 -0.940388 0.340006 0.00819238 0.00770428 -0.00278555 0.999966 -0.340017 -0.940419 0
pb: 24 4 electron 100 100000 0.7 78.0843 -25.5577 -136.014 -0.940293 0.339972 0.0163831 0.015407 -0.00557054 0.999866 -0.340017 -0.940419 0
pb: 25 4 electron 100 100000 0.7 78.0843 -25.5577 -136.014 -0.940135 0.339915 0.0245706 0.0231066 -0.00835441 0.999698 -0.340017 -0.940419 0
pb: 26 4 electron 100 100000 0.7 78.0843 -25.5577 -136.014 -0.939915 0.339835 0.0327531 0.0308016 -0.0111366 0.999463 -0.340017 -0.940419 0
pb: 27 4 electron 100 100000 0.7 78.0843 -25.5577 -136.014 -0.939631 0.339732 0.040929 0.0384904 -0.0139166 0.999162 -0.340017 -0.940419 0
pb: 28 4 electron 100 100000 0.7 78.0843 -25.5577 -136.014 -0.942666 0.332126 -0.0327607 -0.030899 0.0108865 0.999463 -0.332304 -0.943172 1.73472e-18
pb: 29 4 electron 100 100000 0.7 78.0843 -25.5577 -136.014 -0.942887 0.332204 -0.0245763 -0.0231797 0.00816681 0.999698 -0.332304 -0.943172 -8.67362e-19
pb: 30 4 electron 100 100000 0.7 78.0843 -25.5577 -136.014 -0.943046 0.332259 -0.016387 -0.0154557 0.00544545 0.999866 -0.332304 -0.943172 0
pb: 31 4 electron 100 100000 0.7 78.0843 -25.5577 -136.014 -0.943141 0.332293 -0.00819431 -0.00772865 0.002723 0.999966 -0.332304 -0.943172 0
pb: 32 4 electron 100 100000 0.7 78.0843 -25.5577 -136.014 -0.943172 0.332304 0 0 0 1 -0.332304 -0.943172 0
pb: 33 4 electron 100 100000 0.7 78.0843 -25.5577 -136.014 -0.943046 0.332259 0.016387 0.0154557 -0.00544545 0.999866 -0.332304 -0.943172 0
pb: 34 4 electron 100 100000 0.7 78.0843 -25.5577 -136.014 -0.942666 0.332126 0.0327607 0.030899 -0.0108865 0.999463 -0.332304 -0.943172 -1.73472e-18
pb: 35 4 electron 100 100000 0.7 78.0843 -25.5577 -136.014 -0.942382 0.332025 0.0409386 0.0386121 -0.0136041 0.999162 -0.332304 -0.943172 0
pb: 36 4 electron 100 100000 0.7 78.0843 -25.5577 -136.014 -0.945355 0.324391 -0.0327662 -0.0309924 0.0106348 0.999463 -0.324565 -0.945863 0
pb: 37 4 electron 100 100000 0.7 78.0843 -25.5577 -136.014 -0.945577 0.324467 -0.0245804 -0.0232497 0.00797796 0.999698 -0.324565 -0.945863 0
pb: 38 4 electron 100 100000 0.7 78.0843 -25.5577 -136.014 -0.945736 0.324522 -0.0163897 -0.0155024 0.00531954 0.999866 -0.324565 -0.945863 0
pb: 39 4 electron 100 100000 0.7 78.0843 -25.5577 -136.014 -0.945831 0.324555 -0.00819568 -0.007752 0.00266004 0.999966 -0.324565 -0.945863 0
pb: 40 4 electron 100 100000 0.7 78.0843 -25.5577 -136.014 -0.945355 0.324391 0.0327662 0.0309924 -0.0106348 0.999463 -0.324565 -0.945863 0
pb: 41 4 electron 100 100000 0.7 78.0843 -25.5577 -136.014 -0.94507 0.324293 0.0409454 0.0387288 -0.0132895 0.999161 -0.324565 -0.945863 0
pb: 42 4 electron 100 100000 0.7 78.0843 -25.5577 -136.014 -0.947696 0.316537 -0.0409496 -0.0388403 0.0129729 0.999161 -0.316803 -0.948491 1.73472e-18
pb: 43 4 electron 100 100000 0.7 78.0843 -25.5577 -136.014 -0.947982 0.316633 -0.0327695 -0.0310816 0.0103815 0.999463 -0.316803 -0.948491 0
pb: 44 4 electron 100 100000 0.7 78.0843 -25.5577 -136.014 -0.947982 0.316633 0.0327695 0.0310816 -0.0103815 0.999463 -0.316803 -0.948491 0
pb: 45 4 electron 100 100000 0.7 78.0843 -25.5577 -136.014 -0.947696 0.316537 0.0409496 0.0388403 -0.0129729 0.999161 -0.316803 -0.948491 -1.73472e-18
pb: 46 4 electron 100 100000 0.7 78.0843 -25.5577 -136.014 -0.950258 0.308759 -0.0409509 -0.0389466 0.0126546 0.999161 -0.309018 -0.951056 -1.73472e-18
pb: 47 4 electron 100 100000 0.7 78.0843 -25.5577 -136.014 -0.950545 0.308852 -0.0327706 -0.0311667 0.0101267 0.999463 -0.309018 -0.951056 1.73472e-18
pb: 48 4 electron 100 100000 0.7 78.0843 -25.5577 -136.014 -0.950545 0.308852 0.0327706 0.0311667 -0.0101267 0.999463 -0.309018 -0.951056 -1.73472e-18
pb: 49 4 electron 100 100000 0.7 78.0843 -25.5577 -136.014 -0.950258 0.308759 0.0409509 0.0389466 -0.0126546 0.999161 -0.309018 -0.951056 1.73472e-18
pb: 50 4 electron 100 100000 0.7 78.0843 -25.5577 -136.014 -0.952757 0.30096 -0.0409496 -0.0390477 0.0123345 0.999161 -0.301213 -0.953557 1.73472e-18
pb: 51 4 electron 100 100000 0.7 78.0843 -25.5577 -136.014 -0.953045 0.301051 -0.0327695 -0.0312476 0.0098706 0.999463 -0.301213 -0.953557 0
pb: 52 4 electron 100 100000 0.7 78.0843 -25.5577 -136.014 -0.953045 0.301051 0.0327695 0.0312476 -0.0098706 0.999463 -0.301213 -0.953557 0
pb: 53 4 electron 100 100000 0.7 78.0843 -25.5577 -136.014 -0.952757 0.30096 0.0409496 0.0390477 -0.0123345 0.999161 -0.301213 -0.953557 -1.73472e-18
pb: 54 4 electron 100 100000 0.7 78.0843 -25.5577 -136.014 -0.955192 0.293142 -0.0409454 -0.0391436 0.0120129 0.999161 -0.293388 -0.955993 -1.73472e-18
pb: 55 4 electron 100 100000 0.7 78.0843 -25.5577 -136.014 -0.95548 0.29323 -0.0327662 -0.0313243 0.00961322 0.999463 -0.293388 -0.955993 -1.73472e-18
pb: 56 4 electron 100 100000 0.7 78.0843 -25.5577 -136.014 -0.955705 0.293299 0.0245804 0.0234987 -0.00721161 0.999698 -0.293388 -0.955993 0
pb: 57 4 electron 100 100000 0.7 78.0843 -25.5577 -136.014 -0.95548 0.29323 0.0327662 0.0313243 -0.00961322 0.999463 -0.293388 -0.955993 1.73472e-18
pb: 58 4 electron 100 100000 0.7 78.0843 -25.5577 -136.014 -0.955192 0.293142 0.0409454 0.0391436 -0.0120129 0.999161 -0.293388 -0.955993 1.73472e-18
pb: 59 4 electron 100 100000 0.7 78.0843 -25.5577 -136.014 -0.957562 0.285306 -0.0409386 -0.0392341 0.0116898 0.999162 -0.285546 -0.958365 0
pb: 60 4 electron 100 100000 0.7 78.0843 -25.5577 -136.014 -0.957851 0.285392 -0.0327607 -0.0313968 0.00935469 0.999463 -0.285546 -0.958365 0
pb: 61 4 electron 100 100000 0.7 78.0843 -25.5577 -136.014 -0.958076 0.285459 -0.0245763 -0.0235531 0.00701766 0.999698 -0.285546 -0.958365 8.67362e-19
pb: 62 4 electron 100 100000 0.7 78.0843 -25.5577 -136.014 -0.958236 0.285507 -0.016387 -0.0157047 0.00467923 0.999866 -0.285546 -0.958365 -8.67362e-19
pb: 63 4 electron 100 100000 0.7 78.0843 -25.5577 -136.014 -0.958333 0.285536 0.00819431 0.00785314 -0.00233985 0.999966 -0.285546 -0.958365 -4.33681e-19
pb: 64 4 electron 100 100000 0.7 78.0843 -25.5577 -136.014 -0.958236 0.285507 0.016387 0.0157047 -0.00467923 0.999866 -0.285546 -0.958365 8.67362e-19
pb: 65 4 electron 100 100000 0.7 78.0843 -25.5577 -136.014 -0.958076 0.285459 0.0245763 0.0235531 -0.00701766 0.999698 -0.285546 -0.958365 -8.67362e-19
pb: 66 4 electron 100 100000 0.7 78.0843 -25.5577 -136.014 -0.957851 0.285392 0.0327607 0.0313968 -0.00935469 0.999463 -0.285546 -0.958365 0
pb: 67 4 electron 100 100000 0.7 78.0843 -25.5577 -136.014 -0.960156 0.277538 -0.0327531 -0.0314649 0.00909511 0.999463 -0.277687 -0.960671 0
pb: 68 4 electron 100 100000 0.7 78.0843 -25.5577 -136.014 -0.960381 0.277604 -0.0245706 -0.0236042 0.00682293 0.999698 -0.277687 -0.960671 0
pb: 69 4 electron 100 100000 0.7 78.0843 -25.5577 -136.014 -0.960543 0.27765 -0.0163831 -0.0157388 0.00454939 0.999866 -0.277687 -0.960671 0
pb: 70 4 electron 100 100000 0.7 78.0843 -25.5577 -136.014 -0.960639 0.277678 -0.00819238 -0.00787019 0.00227492 0.999966 -0.277687 -0.960671 0
pb: 71 4 electron 100 100000 0.7 78.0843 -25.5577 -136.014 -0.960671 0.277687 0 0 0 1 -0.277687 -0.960671 0
pb: 72 4 electron 100 100000 0.7 78.0843 -25.5577 -136.014 -0.960639 0.277678 0.00819238 0.00787019 -0.00227492 0.999966 -0.277687 -0.960671 0
pb: 73 4 electron 100 100000 0.7 78.0843 -25.5577 -136.014 -0.960543 0.27765 0.0163831 0.0157388 -0.00454939 0.999866 -0.277687 -0.960671 0
pb: 74 4 electron 100 100000 0.7 78.0843 -25.5577 -136.014 -0.962622 0.269733 -0.0245631 -0.0236522 0.0066275 0.999698 -0.269815 -0.962912 -8.67362e-19
pb: 75 4 electron 100 100000 0.7 78.0843 -25.5577 -136.014 -0.962783 0.269779 -0.0163782 -0.0157707 0.00441907 0.999866 -0.269815 -0.962912 0
pb: 76 4 electron 100 100000 0.7 78.0843 -25.5577 -136.014 -0.96288 0.269806 -0.00818991 -0.00788617 0.00220976 0.999966 -0.269815 -0.962912 0
pb: 77 4 electron 100 100000 0.7 78.0843 -25.5577 -136.014 -0.962912 0.269815 0 0 0 1 -0.269815 -0.962912 0
pb: 78 4 electron 100 100000 0.7 78.0843 -25.5577 -136.014 -0.96288 0.269806 0.00818991 0.00788617 -0.00220976 0.999966 -0.269815 -0.962912 0
