#Field x0 y0 z0 l.x l.y l.z u.x u.y u.z f.x f.y f.z ISO
1   -52.6583 68.9714  -136.014 0.809    0.588    0        0        0        1        0.588    -0.809   0        84.2275  
2   -86.0424 -26.1078 -136.014 -0.309   0.951    0        0        0        1        0.951    0.309    0        87.1818  
3   -3.13254 -89.7114 -136.014 -1       0        0        0        0        1        0        1        0        90.5428  
4   78.0843  -25.5577 -136.014 -0.309   -0.951   0        0        0        1        -0.951   0.309    0        85.4015  
5   45.4504  67.6743  -136.014 0.809    -0.588   0        0        0        1        -0.588   -0.809   0        82.6241  
